DJI_20210928084055_0015_SUPR_X113Y1.jpg
DJI_20210928084244_0022_SUPR_X1620Y957.jpg
DJI_20210928085445_0022_SUPR_X2635Y148.jpg 0.269151 0.71946 0.0390625 0.0390625 0 0.609213 0.692202 0.0390625 0.0390625 0 
DJI_20210928085953_0006_SUPR_X1214Y1438.jpg 0.340895 0.863272 0.0390625 0.0390625 0 
DJI_20210928090139_0008_SUPR_X490Y513.jpg 0.810545 0.399588 0.0390625 0.0390625 0 0.04285 0.430453 0.0390625 0.0390625 0 
DJI_20210928090956_0022_SUPR_X2760Y1072.jpg
DJI_20210928091447_0018_SUPR_X3238Y1633.jpg 0.821399 0.661265 0.0390625 0.0390625 0 0.416409 0.657665 0.0390625 0.0390625 0 0.420597 0.292217 0.0390625 0.0390625 0 0.827366 0.296409 0.0390625 0.0390625 0 
DJI_20210928091856_0031_SUPR_X1849Y1849.jpg
DJI_20210928091925_0004_SUPR_X2408Y1161.jpg
DJI_20210928092501_0008_SUPR_X572Y76.jpg 0.531044 0.177855 0.0390625 0.0390625 0 
DJI_20210928094353_0053_SUPR_X1874Y942.jpg 0.609763 0.604588 0.0390625 0.0390625 0 
DJI_20210928094728_0006_SUPR_X2678Y1006.jpg 0.603549 0.215947 0.0390625 0.0390625 0 0.069393 0.194084 0.0390625 0.0390625 0 
DJI_20210928094945_0072_SUPR_X2670Y225.jpg
DJI_20210928095134_0021_SUPR_X141Y549.jpg 0.471517 0.037011 0.0390625 0.0390625 0 0.476132 0.584208 0.0390625 0.0390625 0 
DJI_20210928095837_0016_SUPR_X371Y604.jpg
DJI_20210928095906_0030_SUPR_X2094Y761.jpg 0.436471 0.389403 0.0390625 0.0390625 0 
DJI_20210928100118_0014_SUPR_X873Y1615.jpg
DJI_20210928100344_0019_SUPR_X350Y362.jpg
DJI_20210928100406_0030_SUPR_X633Y1420.jpg
DJI_20210928135657_0006_SUPR_X1433Y274.jpg 0.256209 0.192515 0.0390625 0.0390625 0 0.251955 0.917438 0.0390625 0.0390625 0 
DJI_20210928135712_0013_SUPR_X1275Y1219.jpg 0.843519 0.995628 0.0390625 0.0390625 0 0.842798 0.677829 0.0390625 0.0390625 0 
DJI_20210928135714_0014_SUPR_X411Y1076.jpg
DJI_20210928140013_0010_SUPR_X3088Y383.jpg
DJI_20210928140028_0017_SUPR_X69Y549.jpg 0.37536 0.765381 0.0390625 0.0390625 0 0.37195 0.28928 0.0390625 0.0390625 0 
DJI_20210928140313_0027_SUPR_X2026Y1490.jpg 0.027608 0.188637 0.0390625 0.0390625 0 0.621908 0.697176 0.0390625 0.0390625 0 
DJI_20210928140923_0028_SUPR_X2384Y1004.jpg
DJI_20210928141117_0015_SUPR_X2713Y831.jpg 0.483668 0.127119 0.0390625 0.0390625 0 0.905041 0.552366 0.0390625 0.0390625 0 0.479784 0.552392 0.0390625 0.0390625 0 0.915 0.128117 0.0390625 0.0390625 0 
DJI_20210928142314_0014_SUPR_X662Y531.jpg 0.174259 0.674604 0.0390625 0.0390625 0 
DJI_20210928142548_0027_SUPR_X1171Y83.jpg
DJI_20210928144324_0016_SUPR_X2426Y44.jpg
DJI_20210928145544_0006_SUPR_X694Y917.jpg
DJI_20210928145550_0009_SUPR_X49Y798.jpg
DJI_20210928145748_0024_SUPR_X1645Y1931.jpg
DJI_20211026094538_0060_SUPR_X29Y1287.jpg
DJI_20211026095056_0014_SUPR_X2559Y1297.jpg 0.431687 0.970782 0.0390625 0.0390625 0 0.419393 0.336214 0.0390625 0.0390625 0 
DJI_20211026095113_0022_SUPR_X24Y394.jpg 0.133848 0.383745 0.0390625 0.0390625 0 0.142901 0.733385 0.0390625 0.0390625 0 
DJI_20211026095153_0041_SUPR_X438Y1805.jpg
DJI_20211026095346_0011_SUPR_X1229Y343.jpg 0.932305 0.588477 0.0390625 0.0390625 0 
DJI_20211026095857_0003_SUPR_X1260Y1771.jpg 0.578189 0.022994 0.0390625 0.0390625 0 
DJI_20211026100225_0011_SUPR_X895Y1239.jpg 0.75823 0.049897 0.0390625 0.0390625 0 
DJI_20211026100229_0013_SUPR_X2859Y1045.jpg
DJI_20211026100258_0027_SUPR_X2959Y233.jpg 0.75679 0.933539 0.0390625 0.0390625 0 0.154604 0.62571 0.0390625 0.0390625 0 
DJI_20211026101228_0086_SUPR_X238Y1768.jpg
DJI_20211026101343_0017_SUPR_X2336Y3.jpg
DJI_20211026101357_0023_SUPR_X339Y562.jpg
DJI_20211026101709_0027_SUPR_X378Y12.jpg
DJI_20211026101815_0059_SUPR_X988Y1171.jpg
DJI_20211026102204_0003_SUPR_X356Y940.jpg
DJI_20211026102457_0009_SUPR_X514Y398.jpg
DJI_20211026102505_0013_SUPR_X444Y323.jpg 0.95144 0.5393 0.0390625 0.0390625 0 0.440484 0.55571 0.0390625 0.0390625 0 
DJI_20211026102650_0005_SUPR_X2786Y1941.jpg
DJI_20211026103308_0046_SUPR_X3119Y694.jpg 0.417387 0.536986 0.0390625 0.0390625 0 
DJI_20211026104850_0013_SUPR_X407Y1316.jpg 0.085957 0.773328 0.0390625 0.0390625 0 
DJI_20211026104926_0031_SUPR_X230Y370.jpg 0.609825 0.066821 0.0390625 0.0390625 0 0.615432 0.630298 0.0390625 0.0390625 0 
DJI_20211026105342_0016_SUPR_X1904Y1367.jpg
DJI_20211026105346_0018_SUPR_X2109Y1176.jpg 0.815432 0.477675 0.0390625 0.0390625 0 0.819496 0.931584 0.0390625 0.0390625 0 
DJI_20211026110143_0060_SUPR_X134Y1288.jpg 0.539712 0.792901 0.0390625 0.0390625 0 
DJI_20211026111019_0055_SUPR_X2993Y1322.jpg 0.431584 0.756173 0.0390625 0.0390625 0 0.959465 0.788426 0.0390625 0.0390625 0 
DJI_20211026112139_0018_SUPR_X1776Y1673.jpg
DJI_20211026112345_0005_SUPR_X2240Y769.jpg
DJI_20211026113012_0031_SUPR_X624Y247.jpg 0.000468 0.55356 0.0390625 0.0390625 0 
DJI_20211026113431_0011_SUPR_X1985Y392.jpg
DJI_20211026113446_0018_SUPR_X2325Y1559.jpg 0.019913 0.54535 0.0390625 0.0390625 0 
DJI_20211026113500_0025_SUPR_X424Y1471.jpg 0.491255 0.786214 0.0390625 0.0390625 0 0.483899 0.063837 0.0390625 0.0390625 0 0.327469 0.001852 0.0390625 0.0390625 0 
DJI_20211026114306_0011_SUPR_X451Y1903.jpg
DJI_20211026131652_0015_SUPR_X1074Y1367.jpg
DJI_20211026131712_0025_SUPR_X2888Y1486.jpg
DJI_20211026131714_0026_SUPR_X601Y1009.jpg
DJI_20211026131718_0028_SUPR_X243Y1052.jpg
DJI_20211026132025_0019_SUPR_X1593Y1410.jpg 0.410185 0.490998 0.0390625 0.0390625 0 
DJI_20211026132037_0025_SUPR_X269Y17.jpg 0.898585 0.640823 0.0390625 0.0390625 0 0.333128 0.984362 0.0390625 0.0390625 0 0.90357 0.964074 0.0390625 0.0390625 0 0.322222 0.661934 0.0390625 0.0390625 0 
DJI_20211026132552_0006_SUPR_X1332Y411.jpg
DJI_20211026132554_0007_SUPR_X331Y850.jpg
DJI_20211026132734_0056_SUPR_X390Y1405.jpg 0.883745 0.233076 0.0390625 0.0390625 0 0.894547 0.74465 0.0390625 0.0390625 0 
DJI_20211026133816_0016_SUPR_X2822Y1190.jpg
DJI_20211026140247_0017_SUPR_X664Y710.jpg
DJI_20211027094616_0020_SUPR_X2527Y1792.jpg
DJI_20211027094817_0012_SUPR_X36Y1398.jpg
DJI_20211027095035_0030_SUPR_X615Y739.jpg 0.809414 0.493364 0.0390625 0.0390625 0 
DJI_20211027095317_0018_SUPR_X220Y1246.jpg 0.320936 0.778035 0.0390625 0.0390625 0 
DJI_20211027100208_0046_SUPR_X2542Y265.jpg 0.063374 0.336523 0.0390625 0.0390625 0 0.974897 0.85072 0.0390625 0.0390625 0 
DJI_20211027100815_0019_SUPR_X2805Y1356.jpg 0.072176 0.548081 0.0390625 0.0390625 0 
DJI_20211027100829_0026_SUPR_X1948Y65.jpg
DJI_20211027101044_0035_SUPR_X2600Y1384.jpg
DJI_20211027102226_0015_SUPR_X3231Y387.jpg
DJI_20211027102256_0030_SUPR_X360Y1774.jpg
DJI_20211027102404_0018_SUPR_X1520Y1581.jpg
DJI_20211027102651_0007_SUPR_X2291Y1795.jpg
DJI_20211027103011_0004_SUPR_X972Y834.jpg 0.464352 0.42644 0.0390625 0.0390625 0 0.45715 0.887346 0.0390625 0.0390625 0 
DJI_20211027103017_0007_SUPR_X1543Y1937.jpg
DJI_20211027103036_0016_SUPR_X2527Y0.jpg 0.306379 0.878292 0.0390625 0.0390625 0 
DJI_20211027103452_0051_SUPR_X1525Y997.jpg 0.281996 0.171142 0.0390625 0.0390625 0 
DJI_20211027103636_0016_SUPR_X697Y1015.jpg
DJI_20211027104100_0058_SUPR_X2943Y892.jpg 0.92964 0.387197 0.0390625 0.0390625 0 0.926543 0.069393 0.0390625 0.0390625 0 
DJI_20211027104121_0068_SUPR_X160Y379.jpg 0.224074 0.285597 0.0390625 0.0390625 0 0.667845 0.172963 0.0390625 0.0390625 0 
DJI_20211027105910_0002_SUPR_X804Y528.jpg 0.503688 0.033596 0.0390625 0.0390625 0 
DJI_20211027105930_0012_SUPR_X733Y1360.jpg 0.072176 0.595525 0.0390625 0.0390625 0 
DJI_20211027111615_0043_SUPR_X1761Y29.jpg 0.275154 0.59429 0.0390625 0.0390625 0 0.815844 0.600772 0.0390625 0.0390625 0 
DJI_20211027124753_0006_SUPR_X2820Y715.jpg 0.58858 0.548868 0.0390625 0.0390625 0 
DJI_20211027125123_0014_SUPR_X454Y1909.jpg 0.58822 0.931173 0.0390625 0.0390625 0 
DJI_20211027133125_0009_SUPR_X676Y997.jpg
DJI_20211027133847_0023_SUPR_X2568Y474.jpg 0.01214 0.79321 0.0390625 0.0390625 0 
DJI_20211027140712_0019_SUPR_X1741Y1897.jpg
DJI_20211027141447_0004_SUPR_X3228Y239.jpg 0.451749 0.278549 0.0390625 0.0390625 0 
DJI_20211027145334_0029_SUPR_X897Y780.jpg 0.379979 0.617814 0.0390625 0.0390625 0 0.972222 0.77411 0.0390625 0.0390625 0 0.38678 0.960031 0.0390625 0.0390625 0 
DJI_20211027145819_0029_SUPR_X278Y124.jpg 0.088282 0.275694 0.0390625 0.0390625 0 0.785602 0.270664 0.0390625 0.0390625 0 
DJI_20211027150524_0011_SUPR_X2742Y170.jpg
DJI_20211027150812_0026_SUPR_X1109Y883.jpg
DJI_20211027150943_0003_SUPR_X2791Y15.jpg 0.188035 0.701744 0.0390625 0.0390625 0 
DJI_20211027151231_0014_SUPR_X2860Y733.jpg 0.665185 0.665761 0.0390625 0.0390625 0 0.1125 0.672274 0.0390625 0.0390625 0 
DJI_20211027151459_0015_SUPR_X1174Y1488.jpg 0.383591 0.565689 0.0390625 0.0390625 0 0.3857 0.963529 0.0390625 0.0390625 0 0.285082 0.5857 0.0390625 0.0390625 0 
DJI_20211027151932_0016_SUPR_X1191Y980.jpg
DJI_20211027152029_0003_SUPR_X1256Y140.jpg
DJI_20211027152039_0008_SUPR_X2515Y1888.jpg
DJI_20211027152045_0011_SUPR_X2744Y384.jpg
DJI_20211027152110_0024_SUPR_X411Y1929.jpg 0.313076 0.848359 0.0390625 0.0390625 0 
DJI_20211027152201_0003_SUPR_X1274Y176.jpg
DJI_20211027152207_0006_SUPR_X2140Y1084.jpg
DJI_20211027152211_0008_SUPR_X2286Y368.jpg
DJI_20211027152748_0076_SUPR_X974Y1426.jpg
DJI_20211027153002_0032_SUPR_X2261Y713.jpg
DJI_20211027153536_0038_SUPR_X425Y1200.jpg 0.735288 0.435453 0.0390625 0.0390625 0 0.737088 0.767937 0.0390625 0.0390625 0 
DJI_20211027153904_0062_SUPR_X2038Y1513.jpg 0.754583 0.580761 0.0390625 0.0390625 0 0.756631 0.196039 0.0390625 0.0390625 0 0.552639 0.500638 0.0390625 0.0390625 0 
DJI_20211027155252_0012_SUPR_X2720Y1036.jpg 0.01466 0.389815 0.0390625 0.0390625 0 
DJI_20211027155459_0010_SUPR_X2829Y900.jpg
DJI_20211027160022_0056_SUPR_X1070Y1079.jpg 0.557305 0.324115 0.0390625 0.0390625 0 
DJI_20211027160143_0004_SUPR_X3075Y1882.jpg 0.820715 0.504887 0.0390625 0.0390625 0 0.21286 0.505761 0.0390625 0.0390625 0 
DJI_20211027160413_0005_SUPR_X1403Y1115.jpg 0.14536 0.624928 0.0390625 0.0390625 0 0.724779 0.439455 0.0390625 0.0390625 0 
DJI_20211027160451_0024_SUPR_X2662Y363.jpg 0.169254 0.671152 0.0390625 0.0390625 0 
DJI_20211027160537_0047_SUPR_X2625Y1864.jpg 0.153246 0.90376 0.0390625 0.0390625 0 0.152207 0.1284 0.0390625 0.0390625 0 
DJI_20211027160646_0002_SUPR_X2910Y1380.jpg 0.845658 0.338945 0.0390625 0.0390625 0 0.357212 0.249681 0.0390625 0.0390625 0 0.354717 0.444378 0.0390625 0.0390625 0 0.349676 0.841163 0.0390625 0.0390625 0 0.848071 0.538843 0.0390625 0.0390625 0 0.607778 0.448575 0.0390625 0.0390625 0 0.857973 0.932274 0.0390625 0.0390625 0 0.614182 0.845741 0.0390625 0.0390625 0 0.607778 0.247387 0.0390625 0.0390625 0 
DJI_20211027160714_0016_SUPR_X638Y745.jpg 0.221024 0.504187 0.0390625 0.0390625 0 0.519187 0.446759 0.0390625 0.0390625 0 0.514671 0.843164 0.0390625 0.0390625 0 0.227016 0.244588 0.0390625 0.0390625 0 0.217217 0.896415 0.0390625 0.0390625 0 0.521559 0.181986 0.0390625 0.0390625 0 
DJI_20211027160816_0047_SUPR_X945Y900.jpg 0.206039 0.688441 0.0390625 0.0390625 0 
DJI_20211027160826_0052_SUPR_X1802Y1373.jpg 0.89341 0.677052 0.0390625 0.0390625 0 
DJI_20211027161010_0006_SUPR_X359Y1648.jpg
DJI_20211028101400_0012_SUPR_X256Y1249.jpg
DJI_20211028102853_0008_SUPR_X1349Y1908.jpg 0.566286 0.105622 0.0390625 0.0390625 0 
DJI_20211028103121_0017_SUPR_X3091Y1514.jpg
DJI_20211028103146_0029_SUPR_X2009Y364.jpg 0.147778 0.806641 0.0390625 0.0390625 0 0.137521 0.078719 0.0390625 0.0390625 0 
DJI_20211028103321_0011_SUPR_X2024Y233.jpg
DJI_20211028103401_0031_SUPR_X2493Y641.jpg
DJI_20211028103630_0023_SUPR_X316Y1043.jpg
DJI_20211028103644_0030_SUPR_X1801Y516.jpg 0.031317 0.669933 0.0390625 0.0390625 0 0.643333 0.645669 0.0390625 0.0390625 0 
DJI_20211028103821_0017_SUPR_X1825Y1527.jpg 0.076847 0.597803 0.0390625 0.0390625 0 0.07517 0.198642 0.0390625 0.0390625 0 
DJI_20211028110204_0003_SUPR_X2193Y402.jpg
DJI_20211028111003_0002_SUPR_X1714Y48.jpg
DJI_20211028111030_0015_SUPR_X3024Y1636.jpg 0.956286 0.32055 0.0390625 0.0390625 0 
DJI_20211028111258_0012_SUPR_X2758Y1145.jpg
DJI_20211028113710_0003_SUPR_X10Y697.jpg 0.65463 0.755607 0.0390625 0.0390625 0 0.078791 0.775031 0.0390625 0.0390625 0 0.081667 0.453688 0.0390625 0.0390625 0 0.66037 0.220051 0.0390625 0.0390625 0 
DJI_20211028114014_0016_SUPR_X623Y419.jpg
DJI_20211028114237_0024_SUPR_X1104Y434.jpg
DJI_20211028114407_0020_SUPR_X2698Y1393.jpg 0.478945 0.410952 0.0390625 0.0390625 0 0.809635 0.409753 0.0390625 0.0390625 0 
DJI_20211028120201_0021_SUPR_X940Y759.jpg 0.999588 0.640561 0.0390625 0.0390625 0 0.834198 0.684306 0.0390625 0.0390625 0 
DJI_20211028122133_0015_SUPR_X2019Y421.jpg 0.18678 0.508601 0.0390625 0.0390625 0 0.749949 0.620885 0.0390625 0.0390625 0 0.184882 0.935669 0.0390625 0.0390625 0 0.750005 0.916199 0.0390625 0.0390625 0 
DJI_20211028122901_0023_SUPR_X1595Y40.jpg 0.033786 0.643045 0.0390625 0.0390625 0 0.02732 0.369146 0.0390625 0.0390625 0 
DJI_20211103102111_0056_SUPR_X1577Y407.jpg 0.608405 0.482541 0.0390625 0.0390625 0 
DJI_20211103102428_0003_SUPR_X2512Y492.jpg 0.394105 0.343683 0.0390625 0.0390625 0 
DJI_20211103102430_0004_SUPR_X2029Y1685.jpg 0.30126 0.368719 0.0390625 0.0390625 0 
DJI_20211103103354_0024_SUPR_X109Y31.jpg 0.879126 0.719655 0.0390625 0.0390625 0 0.368117 0.723848 0.0390625 0.0390625 0 
DJI_20211103103622_0036_SUPR_X817Y1473.jpg 0.63284 0.725345 0.0390625 0.0390625 0 0.130262 0.712042 0.0390625 0.0390625 0 
DJI_20211103104308_0007_SUPR_X1749Y215.jpg 0.385581 0.813333 0.0390625 0.0390625 0 0.379079 0.451368 0.0390625 0.0390625 0 
DJI_20211103104656_0011_SUPR_X3123Y389.jpg
DJI_20211103105857_0003_SUPR_X2956Y1360.jpg
DJI_20211103110013_0005_SUPR_X1772Y370.jpg
DJI_20211103110252_0040_SUPR_X144Y1549.jpg 0.277238 0.057377 0.0390625 0.0390625 0 
DJI_20211103110258_0043_SUPR_X2205Y963.jpg 0.357665 0.328657 0.0390625 0.0390625 0 
DJI_20211103110654_0025_SUPR_X1630Y1518.jpg 0.810715 0.483138 0.0390625 0.0390625 0 
DJI_20211103111034_0015_SUPR_X1321Y210.jpg 0.383693 0.635844 0.0390625 0.0390625 0 
DJI_20211103112113_0025_SUPR_X2371Y1902.jpg 0.959594 0.800576 0.0390625 0.0390625 0 0.316116 0.755298 0.0390625 0.0390625 0 
DJI_20211103113432_0046_SUPR_X2393Y1264.jpg
DJI_20211103114248_0029_SUPR_X498Y619.jpg
DJI_20211103114635_0007_SUPR_X1485Y415.jpg 0.631991 0.750972 0.0390625 0.0390625 0 
DJI_20211103124133_0033_SUPR_X1907Y1241.jpg 0.280293 0.229311 0.0390625 0.0390625 0 0.28518 0.864964 0.0390625 0.0390625 0 
DJI_20211103132848_0044_SUPR_X9Y1538.jpg 0.062145 0.643925 0.0390625 0.0390625 0 
DJI_20211104101653_0046_SUPR_X2772Y402.jpg
DJI_20211104102537_0032_SUPR_X653Y1555.jpg
DJI_20211104103257_0027_SUPR_X2662Y1768.jpg
DJI_20211104104501_0028_SUPR_X728Y1405.jpg 0.935854 0.426538 0.0390625 0.0390625 0 0.111836 0.443097 0.0390625 0.0390625 0 
DJI_20211104104600_0057_SUPR_X459Y179.jpg
DJI_20211104104608_0061_SUPR_X540Y425.jpg 0.300242 0.879954 0.0390625 0.0390625 0 
DJI_20211104105509_0026_SUPR_X335Y1778.jpg 0.956692 0.258081 0.0390625 0.0390625 0 0.448441 0.257361 0.0390625 0.0390625 0 
DJI_20211104110056_0027_SUPR_X1300Y708.jpg 0.32803 0.268863 0.0390625 0.0390625 0 
DJI_20211104110741_0052_SUPR_X2774Y445.jpg 0.273637 0.053915 0.0390625 0.0390625 0 0.268071 0.642829 0.0390625 0.0390625 0 
DJI_20211104112253_0030_SUPR_X2808Y1016.jpg
DJI_20210928084055_0015_SUPR_X113Y1.jpg
DJI_20210928084244_0022_SUPR_X1620Y957.jpg
DJI_20210928085445_0022_SUPR_X2635Y148.jpg 0.269151 0.71946 0.0390625 0.0390625 0 0.609213 0.692202 0.0390625 0.0390625 0 
DJI_20210928085953_0006_SUPR_X1214Y1438.jpg 0.340895 0.863272 0.0390625 0.0390625 0 
DJI_20210928090139_0008_SUPR_X490Y513.jpg 0.810545 0.399588 0.0390625 0.0390625 0 0.04285 0.430453 0.0390625 0.0390625 0 
DJI_20210928090956_0022_SUPR_X2760Y1072.jpg
DJI_20210928091447_0018_SUPR_X3238Y1633.jpg 0.821399 0.661265 0.0390625 0.0390625 0 0.416409 0.657665 0.0390625 0.0390625 0 0.420597 0.292217 0.0390625 0.0390625 0 0.827366 0.296409 0.0390625 0.0390625 0 
DJI_20210928091856_0031_SUPR_X1849Y1849.jpg
DJI_20210928091925_0004_SUPR_X2408Y1161.jpg
DJI_20210928092501_0008_SUPR_X572Y76.jpg 0.531044 0.177855 0.0390625 0.0390625 0 
DJI_20210928094353_0053_SUPR_X1874Y942.jpg 0.609763 0.604588 0.0390625 0.0390625 0 
DJI_20210928094728_0006_SUPR_X2678Y1006.jpg 0.603549 0.215947 0.0390625 0.0390625 0 0.069393 0.194084 0.0390625 0.0390625 0 
DJI_20210928094945_0072_SUPR_X2670Y225.jpg
DJI_20210928095134_0021_SUPR_X141Y549.jpg 0.471517 0.037011 0.0390625 0.0390625 0 0.476132 0.584208 0.0390625 0.0390625 0 
DJI_20210928095837_0016_SUPR_X371Y604.jpg
DJI_20210928095906_0030_SUPR_X2094Y761.jpg 0.436471 0.389403 0.0390625 0.0390625 0 
DJI_20210928100118_0014_SUPR_X873Y1615.jpg
DJI_20210928100344_0019_SUPR_X350Y362.jpg
DJI_20210928100406_0030_SUPR_X633Y1420.jpg
DJI_20210928135657_0006_SUPR_X1433Y274.jpg 0.256209 0.192515 0.0390625 0.0390625 0 0.251955 0.917438 0.0390625 0.0390625 0 
DJI_20210928135712_0013_SUPR_X1275Y1219.jpg 0.843519 0.995628 0.0390625 0.0390625 0 0.842798 0.677829 0.0390625 0.0390625 0 
DJI_20210928135714_0014_SUPR_X411Y1076.jpg
DJI_20210928140013_0010_SUPR_X3088Y383.jpg
DJI_20210928140028_0017_SUPR_X69Y549.jpg 0.37536 0.765381 0.0390625 0.0390625 0 0.37195 0.28928 0.0390625 0.0390625 0 
DJI_20210928140313_0027_SUPR_X2026Y1490.jpg 0.027608 0.188637 0.0390625 0.0390625 0 0.621908 0.697176 0.0390625 0.0390625 0 
DJI_20210928140923_0028_SUPR_X2384Y1004.jpg
DJI_20210928141117_0015_SUPR_X2713Y831.jpg 0.483668 0.127119 0.0390625 0.0390625 0 0.905041 0.552366 0.0390625 0.0390625 0 0.479784 0.552392 0.0390625 0.0390625 0 0.915 0.128117 0.0390625 0.0390625 0 
DJI_20210928142314_0014_SUPR_X662Y531.jpg 0.174259 0.674604 0.0390625 0.0390625 0 
DJI_20210928142548_0027_SUPR_X1171Y83.jpg
DJI_20210928144324_0016_SUPR_X2426Y44.jpg
DJI_20210928145544_0006_SUPR_X694Y917.jpg
DJI_20210928145550_0009_SUPR_X49Y798.jpg
DJI_20210928145748_0024_SUPR_X1645Y1931.jpg
DJI_20211026094538_0060_SUPR_X29Y1287.jpg
DJI_20211026095056_0014_SUPR_X2559Y1297.jpg 0.431687 0.970782 0.0390625 0.0390625 0 0.419393 0.336214 0.0390625 0.0390625 0 
DJI_20211026095113_0022_SUPR_X24Y394.jpg 0.133848 0.383745 0.0390625 0.0390625 0 0.142901 0.733385 0.0390625 0.0390625 0 
DJI_20211026095153_0041_SUPR_X438Y1805.jpg
DJI_20211026095346_0011_SUPR_X1229Y343.jpg 0.932305 0.588477 0.0390625 0.0390625 0 
DJI_20211026095857_0003_SUPR_X1260Y1771.jpg 0.578189 0.022994 0.0390625 0.0390625 0 
DJI_20211026100225_0011_SUPR_X895Y1239.jpg 0.75823 0.049897 0.0390625 0.0390625 0 
DJI_20211026100229_0013_SUPR_X2859Y1045.jpg
DJI_20211026100258_0027_SUPR_X2959Y233.jpg 0.75679 0.933539 0.0390625 0.0390625 0 0.154604 0.62571 0.0390625 0.0390625 0 
DJI_20211026101228_0086_SUPR_X238Y1768.jpg
DJI_20211026101343_0017_SUPR_X2336Y3.jpg
DJI_20211026101357_0023_SUPR_X339Y562.jpg
DJI_20211026101709_0027_SUPR_X378Y12.jpg
DJI_20211026101815_0059_SUPR_X988Y1171.jpg
DJI_20211026102204_0003_SUPR_X356Y940.jpg
DJI_20211026102457_0009_SUPR_X514Y398.jpg
DJI_20211026102505_0013_SUPR_X444Y323.jpg 0.95144 0.5393 0.0390625 0.0390625 0 0.440484 0.55571 0.0390625 0.0390625 0 
DJI_20211026102650_0005_SUPR_X2786Y1941.jpg
DJI_20211026103308_0046_SUPR_X3119Y694.jpg 0.417387 0.536986 0.0390625 0.0390625 0 
DJI_20211026104850_0013_SUPR_X407Y1316.jpg 0.085957 0.773328 0.0390625 0.0390625 0 
DJI_20211026104926_0031_SUPR_X230Y370.jpg 0.609825 0.066821 0.0390625 0.0390625 0 0.615432 0.630298 0.0390625 0.0390625 0 
DJI_20211026105342_0016_SUPR_X1904Y1367.jpg
DJI_20211026105346_0018_SUPR_X2109Y1176.jpg 0.815432 0.477675 0.0390625 0.0390625 0 0.819496 0.931584 0.0390625 0.0390625 0 
DJI_20211026110143_0060_SUPR_X134Y1288.jpg 0.539712 0.792901 0.0390625 0.0390625 0 
DJI_20211026111019_0055_SUPR_X2993Y1322.jpg 0.431584 0.756173 0.0390625 0.0390625 0 0.959465 0.788426 0.0390625 0.0390625 0 
DJI_20211026112139_0018_SUPR_X1776Y1673.jpg
DJI_20211026112345_0005_SUPR_X2240Y769.jpg
DJI_20211026113012_0031_SUPR_X624Y247.jpg 0.000468 0.55356 0.0390625 0.0390625 0 
DJI_20211026113431_0011_SUPR_X1985Y392.jpg
DJI_20211026113446_0018_SUPR_X2325Y1559.jpg 0.019913 0.54535 0.0390625 0.0390625 0 
DJI_20211026113500_0025_SUPR_X424Y1471.jpg 0.491255 0.786214 0.0390625 0.0390625 0 0.483899 0.063837 0.0390625 0.0390625 0 0.327469 0.001852 0.0390625 0.0390625 0 
DJI_20211026114306_0011_SUPR_X451Y1903.jpg
DJI_20211026131652_0015_SUPR_X1074Y1367.jpg
DJI_20211026131712_0025_SUPR_X2888Y1486.jpg
DJI_20211026131714_0026_SUPR_X601Y1009.jpg
DJI_20211026131718_0028_SUPR_X243Y1052.jpg
DJI_20211026132025_0019_SUPR_X1593Y1410.jpg 0.410185 0.490998 0.0390625 0.0390625 0 
DJI_20211026132037_0025_SUPR_X269Y17.jpg 0.898585 0.640823 0.0390625 0.0390625 0 0.333128 0.984362 0.0390625 0.0390625 0 0.90357 0.964074 0.0390625 0.0390625 0 0.322222 0.661934 0.0390625 0.0390625 0 
DJI_20211026132552_0006_SUPR_X1332Y411.jpg
DJI_20211026132554_0007_SUPR_X331Y850.jpg
DJI_20211026132734_0056_SUPR_X390Y1405.jpg 0.883745 0.233076 0.0390625 0.0390625 0 0.894547 0.74465 0.0390625 0.0390625 0 
DJI_20211026133816_0016_SUPR_X2822Y1190.jpg
DJI_20211026140247_0017_SUPR_X664Y710.jpg
DJI_20211027094616_0020_SUPR_X2527Y1792.jpg
DJI_20211027094817_0012_SUPR_X36Y1398.jpg
DJI_20211027095035_0030_SUPR_X615Y739.jpg 0.809414 0.493364 0.0390625 0.0390625 0 
DJI_20211027095317_0018_SUPR_X220Y1246.jpg 0.320936 0.778035 0.0390625 0.0390625 0 
DJI_20211027100208_0046_SUPR_X2542Y265.jpg 0.063374 0.336523 0.0390625 0.0390625 0 0.974897 0.85072 0.0390625 0.0390625 0 
DJI_20211027100815_0019_SUPR_X2805Y1356.jpg 0.072176 0.548081 0.0390625 0.0390625 0 
DJI_20211027100829_0026_SUPR_X1948Y65.jpg
DJI_20211027101044_0035_SUPR_X2600Y1384.jpg
DJI_20211027102226_0015_SUPR_X3231Y387.jpg
DJI_20211027102256_0030_SUPR_X360Y1774.jpg
DJI_20211027102404_0018_SUPR_X1520Y1581.jpg
DJI_20211027102651_0007_SUPR_X2291Y1795.jpg
DJI_20211027103011_0004_SUPR_X972Y834.jpg 0.464352 0.42644 0.0390625 0.0390625 0 0.45715 0.887346 0.0390625 0.0390625 0 
DJI_20211027103017_0007_SUPR_X1543Y1937.jpg
DJI_20211027103036_0016_SUPR_X2527Y0.jpg 0.306379 0.878292 0.0390625 0.0390625 0 
DJI_20211027103452_0051_SUPR_X1525Y997.jpg 0.281996 0.171142 0.0390625 0.0390625 0 
DJI_20211027103636_0016_SUPR_X697Y1015.jpg
DJI_20211027104100_0058_SUPR_X2943Y892.jpg 0.92964 0.387197 0.0390625 0.0390625 0 0.926543 0.069393 0.0390625 0.0390625 0 
DJI_20211027104121_0068_SUPR_X160Y379.jpg 0.224074 0.285597 0.0390625 0.0390625 0 0.667845 0.172963 0.0390625 0.0390625 0 
DJI_20211027105910_0002_SUPR_X804Y528.jpg 0.503688 0.033596 0.0390625 0.0390625 0 
DJI_20211027105930_0012_SUPR_X733Y1360.jpg 0.072176 0.595525 0.0390625 0.0390625 0 
DJI_20211027111615_0043_SUPR_X1761Y29.jpg 0.275154 0.59429 0.0390625 0.0390625 0 0.815844 0.600772 0.0390625 0.0390625 0 
DJI_20211027124753_0006_SUPR_X2820Y715.jpg 0.58858 0.548868 0.0390625 0.0390625 0 
DJI_20211027125123_0014_SUPR_X454Y1909.jpg 0.58822 0.931173 0.0390625 0.0390625 0 
DJI_20211027133125_0009_SUPR_X676Y997.jpg
DJI_20211027133847_0023_SUPR_X2568Y474.jpg 0.01214 0.79321 0.0390625 0.0390625 0 
DJI_20211027140712_0019_SUPR_X1741Y1897.jpg
DJI_20211027141447_0004_SUPR_X3228Y239.jpg 0.451749 0.278549 0.0390625 0.0390625 0 
DJI_20211027145334_0029_SUPR_X897Y780.jpg 0.379979 0.617814 0.0390625 0.0390625 0 0.972222 0.77411 0.0390625 0.0390625 0 0.38678 0.960031 0.0390625 0.0390625 0 
DJI_20211027145819_0029_SUPR_X278Y124.jpg 0.088282 0.275694 0.0390625 0.0390625 0 0.785602 0.270664 0.0390625 0.0390625 0 
DJI_20211027150524_0011_SUPR_X2742Y170.jpg
DJI_20211027150812_0026_SUPR_X1109Y883.jpg
DJI_20211027150943_0003_SUPR_X2791Y15.jpg 0.188035 0.701744 0.0390625 0.0390625 0 
DJI_20211027151231_0014_SUPR_X2860Y733.jpg 0.665185 0.665761 0.0390625 0.0390625 0 0.1125 0.672274 0.0390625 0.0390625 0 
DJI_20211027151459_0015_SUPR_X1174Y1488.jpg 0.383591 0.565689 0.0390625 0.0390625 0 0.3857 0.963529 0.0390625 0.0390625 0 0.285082 0.5857 0.0390625 0.0390625 0 
DJI_20211027151932_0016_SUPR_X1191Y980.jpg
DJI_20211027152029_0003_SUPR_X1256Y140.jpg
DJI_20211027152039_0008_SUPR_X2515Y1888.jpg
DJI_20211027152045_0011_SUPR_X2744Y384.jpg
DJI_20211027152110_0024_SUPR_X411Y1929.jpg 0.313076 0.848359 0.0390625 0.0390625 0 
DJI_20211027152201_0003_SUPR_X1274Y176.jpg
DJI_20211027152207_0006_SUPR_X2140Y1084.jpg
DJI_20211027152211_0008_SUPR_X2286Y368.jpg
DJI_20211027152748_0076_SUPR_X974Y1426.jpg
DJI_20211027153002_0032_SUPR_X2261Y713.jpg
DJI_20211027153536_0038_SUPR_X425Y1200.jpg 0.735288 0.435453 0.0390625 0.0390625 0 0.737088 0.767937 0.0390625 0.0390625 0 
DJI_20211027153904_0062_SUPR_X2038Y1513.jpg 0.754583 0.580761 0.0390625 0.0390625 0 0.756631 0.196039 0.0390625 0.0390625 0 0.552639 0.500638 0.0390625 0.0390625 0 
DJI_20211027155252_0012_SUPR_X2720Y1036.jpg 0.01466 0.389815 0.0390625 0.0390625 0 
DJI_20211027155459_0010_SUPR_X2829Y900.jpg
DJI_20211027160022_0056_SUPR_X1070Y1079.jpg 0.557305 0.324115 0.0390625 0.0390625 0 
DJI_20211027160143_0004_SUPR_X3075Y1882.jpg 0.820715 0.504887 0.0390625 0.0390625 0 0.21286 0.505761 0.0390625 0.0390625 0 
DJI_20211027160413_0005_SUPR_X1403Y1115.jpg 0.14536 0.624928 0.0390625 0.0390625 0 0.724779 0.439455 0.0390625 0.0390625 0 
DJI_20211027160451_0024_SUPR_X2662Y363.jpg 0.169254 0.671152 0.0390625 0.0390625 0 
DJI_20211027160537_0047_SUPR_X2625Y1864.jpg 0.153246 0.90376 0.0390625 0.0390625 0 0.152207 0.1284 0.0390625 0.0390625 0 
DJI_20211027160646_0002_SUPR_X2910Y1380.jpg 0.845658 0.338945 0.0390625 0.0390625 0 0.357212 0.249681 0.0390625 0.0390625 0 0.354717 0.444378 0.0390625 0.0390625 0 0.349676 0.841163 0.0390625 0.0390625 0 0.848071 0.538843 0.0390625 0.0390625 0 0.607778 0.448575 0.0390625 0.0390625 0 0.857973 0.932274 0.0390625 0.0390625 0 0.614182 0.845741 0.0390625 0.0390625 0 0.607778 0.247387 0.0390625 0.0390625 0 
